Good Prior

{'BO': [[0.449923568220622, 0.0],
  [0.39477981423643443, 0.0],
  [0.3105139534158877, 0.0]],
 'PIBO': [[0.474706116784099, 0.0],
  [0.4375075958265271, 0.0],
  [0.4570974928042202, 0.0]],
 'DCBO': [[0.3214135198395874, 0.0],
  [0.26700601949074804, 0.0],
  [0.3525589481630592, 0.0]],
 'DCPIBO': [[0.43447667237925675, 0.0],
  [0.34869081713703043, 0.0],
  [0.4115136490181742, 0.0]]}

[0.38507244529098134,
 0.4564370684716154,
 0.31365949583113156,
 0.3982270461781538]

BO: 6.77
PIBO: 6.24
DCBO: 4.81
DCPIBO: 4.2


Bad Prior

{'BO': [[0.4990389436005376, 0.0],
  [0.45861498329827355, 0.0],
  [0.4440497474317622, 0.0]],
 'PIBO': [[0.627698714307825, 0.0],
  [0.3498064641530874, 0.0],
  [0.3548376749852764, 0.0]],
 'DCBO': [[0.32431132385579525, 0.0],
  [0.2563148497437535, 0.0],
  [0.3598599141433813, 0.0]],
 'DCPIBO': [[0.3208025857545221, 0.0],
  [0.2505070941587147, 0.0],
  [0.35760846698182874, 0.0]]}

[0.4672345581101911,
 0.4441142844820629,
 0.3134953625809767,
 0.3096393822983552]

BO: 6.02
PIBO: 6.5
DCBO: 4.62
DCPIBO: 4.44
