Good Prior

{'BO': [[0.4894107273969975, 0.0],
  [0.8169230354608624, 0.0],
  [0.8928978589014333, 0.0]],
 'PIBO': [[0.8307476636996088, 0.0],
  [0.8831284333052216, 0.0],
  [0.8692604676932819, 0.0]],
 'DCBO': [[0.14773125528274272, 0.0],
  [0.7461064831582761, 0.0],
  [0.6214083010211379, 0.0]],
 'DCPIBO': [[0.20110658096928122, 0.0],
  [0.8696302071042673, 0.0],
  [0.6170064056603468, 0.0]]}

[0.7330772072530977,
 0.8610455215660374,
 0.5050820131540522,
 0.5625810645779651]

BO: 3.55
PIBO: 3.66
DCBO: 11
DCPIBO: 10.43


Bad Prior

{'BO': [[0.3642878026724444, 0.0],
  [0.2571681739672792, 0.0],
  [0.30890289512440894, 0.0]],
 'PIBO': [[0.34929901899667193, 0.0],
  [0.2571906635321211, 0.0],
  [0.3089150065886366, 0.0]],
 'DCBO': [[0.3487104470429312, 0.0],
  [0.2571082017943674, 0.0],
  [0.30885444926749867, 0.0]],
 'DCPIBO': [[0.34896444793248055, 0.0],
  [0.25710070527275347, 0.0],
  [0.3088423378032711, 0.0]]}

[0.31011962392137754,
 0.30513489637247654,
 0.30489103270159906,
 0.3049691636695017]

BO: 4.03
PIBO: 4.07
DCBO: 9.58
DCPIBO: 9.83
