Good Prior

{'BO': [[0.44302111914483067, 0.0],
  [0.25584984769141583, 0.0],
  [0.30341369509169874, 0.0]],
 'PIBO': [[0.41030733895016697, 0.0],
  [0.2740412137803066, 0.0],
  [0.35935331134238285, 0.0]],
 'DCBO': [[0.4575605720457132, 0.0],
  [0.4208595838170175, 0.0],
  [0.45110765534252306, 0.0]],
 'DCPIBO': [[0.4967564630704921, 0.0],
  [0.4791211075361604, 0.0],
  [0.49384860654682033, 0.0]]}

[0.3340948873093151,
 0.3479006213576188,
 0.4431759370684179,
 0.4899087257178243]

BO: 6.19
PIBO: 5.86
DCBO: 4.3
DCPIBO: 4.2


Bad Prior

{'BO': [[0.41384562070792597, 0.0],
  [0.35009337904565535, 0.0],
  [0.34014778065147955, 0.0]],
 'PIBO': [[0.34684871649892246, 0.0],
  [0.3331102627916264, 0.0],
  [0.34973577342845774, 0.0]],
 'DCBO': [[0.3841616231076603, 0.0],
  [0.3826704432973649, 0.0],
  [0.41478174852322347, 0.0]],
 'DCPIBO': [[0.3870227216864298, 0.0],
  [0.37649628254927203, 0.0],
  [0.41555998473447847, 0.0]]}

[0.3680289268016869,
 0.34323158423966893,
 0.39387127164274954,
 0.39302632965672674]

BO: 5.86
PIBO: 5.83
DCBO: 4.21
DCPIBO: 4.4
