Good Prior

{'BO': [[0.29646274279146806, 0.0],
  [0.36934022217514056, 0.0],
  [1.0526315789473684, 0.0]],
 'PIBO': [[0.2935625312927643, 0.0],
  [0.6832604891091905, 0.0],
  [1.0526315789473684, 0.0]],
 'DCBO': [[0.8386469646957392, 0.0],
  [0.8947368421052632, 0.0],
  [0.7368421052631579, 0.0]],
 'DCPIBO': [[0.8388409472572802, 0.0],
  [0.8947368421052632, 0.0],
  [0.7352667530301519, 0.0]]}

[0.5728115146379923,
0.6764848664497745,
0.8234086373547201,
0.822948180797565]

BO: 5.07
PIBO: 5.27
DCBO: 5.18
DCPIBO: 5.3


Bad Prior

{'BO': [[0.29137180793869805, 0.0],
  [0.3717246996807273, 0.0],
  [1.0526315789473684, 0.0]],
 'PIBO': [[0.29808323525954294, 0.0],
  [0.2086405888250136, 0.0],
  [1.0526315789473684, 0.0]],
 'DCBO': [[0.8371088112716599, 0.0],
  [0.8947368421052632, 0.0],
  [0.4943507498644394, 0.0]],
 'DCPIBO': [[0.735959325051795, 0.0],
  [0.9473684210526316, 0.0],
  [0.48990543504177536, 0.0]]}

[0.5719093621889312,
 0.5197851343439749,
 0.7420654677471208,
 0.7244110603820673]

BO: 5.59
PIBO: 6.04
DCBO: 5.11
DCPIBO: 5.36
