Good Prior

{'BO': [[0.37120839136933603, 0.0],
  [0.28298181245605214, 0.0],
  [0.3665425074247528, 0.0]],
 'PIBO': [[0.46476389724066547, 0.0],
  [0.2718086389829918, 0.0],
  [0.3483148346398505, 0.0]],
 'DCBO': [[0.38240635331962686, 0.0],
  [0.455182243382108, 0.0],
  [0.46069672144062207, 0.0]],
 'DCPIBO': [[0.8632960844414321, 0.0],
  [0.7154556510776147, 0.0],
  [0.4945684745148489, 0.0]]}

[0.3402442370833803,
 0.3616291236211693,
 0.43276177271411903,
 0.6911067366779653]

BO: 4.72
PIBO: 4.59
DCBO: 6.05
DCPIBO: 6.87


Bad Prior

{'BO': [[0.41294357433958206, 0.0],
  [0.28477289369610265, 0.0],
  [0.3167824017227499, 0.0]],
 'PIBO': [[0.3912604720916711, 0.0],
  [0.26441260243344494, 0.0],
  [0.30672863112032245, 0.0]],
 'DCBO': [[0.46363598067734096, 0.0],
  [0.311121151666253, 0.0],
  [0.631578947368421, 0.0]],
 'DCPIBO': [[0.43485987256492, 0.0],
  [0.4131085207486935, 0.0],
  [0.5131836501678569, 0.0]]}

[0.33816628991947817,
 0.3208005685484795,
 0.46877869323733834,
 0.45371734782715684]

BO: 5.3
PIBO: 5.08
DCBO: 7.39
DCPIBO: 6.52