Good Prior

{'BO': [[0.29646274279146806, 0.0],
  [0.36934022217514056, 0.0],
  [1.0526315789473684, 0.0]],
 'PIBO': [[0.2935625312927643, 0.0],
  [0.6832604891091905, 0.0],
  [1.0526315789473684, 0.0]],
 'DCBO': [[0.8386469646957392, 0.0],
  [0.8947368421052632, 0.0],
  [0.7368421052631579, 0.0]],
 'DCPIBO': [[0.8388409472572802, 0.0],
  [0.8947368421052632, 0.0],
  [0.7352667530301519, 0.0]]}

[0.5728115146379923,
0.6764848664497745,
0.8234086373547201,
0.822948180797565]

BO: 5.07
PIBO: 5.27
DCBO: 5.18
DCPIBO: 5.3


Bad Prior

{'BO': [[0.28903511457071707, 0.0],
  [0.3061919451724234, 0.0],
  [1.0526315789473684, 0.0]],
 'PIBO': [[0.274118094132131, 0.0],
  [0.32922937680884856, 0.0],
  [1.0526315789473684, 0.0]],
 'DCBO': [[0.6809061981024882, 0.0],
  [0.8947368421052632, 0.0],
  [0.4739961503858339, 0.0]],
 'DCPIBO': [[0.6817249864880635, 0.0],
  [0.8947368421052632, 0.0],
  [0.46631017347501214, 0.0]]}

[0.5492862128968362,
 0.5519930166294493,
 0.6832130635311952,
 0.6809240006894463]

BO: 4.74
PIBO: 5.18
DCBO: 5.23
DCPIBO: 6.9
