Good Prior

{'BO': [[0.5194416089865586, 0.0],
  [0.46368746998819754, 0.0],
  [0.4032979921148889, 0.0]],
 'PIBO': [[0.5256249992271291, 0.0],
  [0.5101114431886014, 0.0],
  [0.49480792918714955, 0.0]],
 'DCBO': [[0.5209994803218018, 0.0],
  [0.6788492954922829, 0.0],
  [0.5093692930703198, 0.0]],
 'DCPIBO': [[0.5246325429484878, 0.0],
  [0.6816933257678461, 0.0],
  [0.5208086031771847, 0.0]]}

[0.4621423570298817,
0.51018145720096,
0.5697393562948015,
0.575711490631173]

BO: 6.43
PIBO: 7.02
DCBO: 4.27
DCPIBO: 4.28


Bad Prior

{'BO': [[0.5252153074616431, 0.0],
  [0.5094722771446679, 0.0],
  [0.501460078093427, 0.0]],
 'PIBO': [[0.5188370800610747, 0.0],
  [0.5113599922379822, 0.0],
  [0.5086721687446791, 0.0]],
 'DCBO': [[0.5254199531271413, 0.0],
  [0.6237318451048425, 0.0],
  [0.5108996029612661, 0.0]],
 'DCPIBO': [[0.5256191229090859, 0.0],
  [0.6285316110654867, 0.0],
  [0.5205683926453101, 0.0]]}

[0.5120492208999127,
 0.5129564136812453,
 0.5533504670644166,
 0.5582397088732942]

BO: 6.02
PIBO: 6.36
DCBO: 4.34
DCPIBO: 4.25
