Good Prior

{'BO': [[0.4982498008231362, 0.0],
  [0.3018258430909719, 0.0],
  [0.35595075744194926, 0.0]],
 'PIBO': [[0.5033523794027385, 0.0],
  [0.30544830561369885, 0.0],
  [0.3536741086329781, 0.0]],
 'DCBO': [[0.48500584368413485, 0.0],
  [0.46083666895781145, 0.0],
  [0.45531661246423116, 0.0]],
 'DCPIBO': [[0.7778301193259606, 0.0],
  [0.5021328812682355, 0.0],
  [0.4888510299283666, 0.0]]}

[0.3853421337853525,
 0.3874915978831385,
 0.46705304170205914,
 0.5896046768408543]

BO: 5.35
PIBO: 5.07
DCBO: 6.1
DCPIBO: 7.14


Bad Prior

{'BO': [[0.4580800357575557, 0.0],
  [0.298301907770994, 0.0],
  [0.33438520360939344, 0.0]],
 'PIBO': [[0.4767460403733314, 0.0],
  [0.32525719435250355, 0.0],
  [0.33444809055166763, 0.0]],
 'DCBO': [[0.4566340492500557, 0.0],
  [0.286250089946674, 0.0],
  [0.5008155540680764, 0.0]],
 'DCPIBO': [[0.45593486200393535, 0.0],
  [0.2867239499975127, 0.0],
  [0.49521741960854787, 0.0]]}

[0.36358904904598105,
 0.3788171084258342,
 0.41456656442160206,
 0.41262541053666535]

BO: 4.86
PIBO: 5
DCBO: 6.89
DCPIBO: 6.31
