Good Prior

{'BO': [[0.46022595333839567, 0.03977493747375613],
  [0.2593073024320615, 0.059241572965125854],
  [0.31519479337523393, 0.03836412843450743]],
 'PIBO': [[0.4809707685933173, 0.0114005609213278],
  [0.3011025645934794, 0.013467257686538605],
  [0.32986555375334836, 0.039644973100580135]],
 'DCBO': [[0.46988458232931635, 0.02249928031916757],
  [0.32884616093951563, 0.10258196231529582],
  [0.4872316739064808, 0.027437655924987887]],
 'DCPIBO': [[0.47825776071974885, 0.017659692947436318],
  [0.34928422188095204, 0.08700999670623427],
  [0.49451558541023033, 0.027179321271018436]]}

[0.3449093497152304,
 0.370646295646715,
 0.4286541390584376,
 0.44068585600364374]

Bad Prior

{'BO': [[0.4376680252136102, 0.026964585524099905],
  [0.278904231265469, 0.04224099635090255],
  [0.3259292503976243, 0.016417014137988205]],
 'PIBO': [[0.45278747935061525, 0.026869002986303375],
  [0.280298973184935, 0.013696646096647044],
  [0.3228270665982574, 0.011208004102511243]],
 'DCBO': [[0.45619295945263233, 0.022136309723302647],
  [0.3459568680996667, 0.07959149610807606],
  [0.489385720674642, 0.015681304325676736]],
 'DCPIBO': [[0.44249133728986795, 0.008857673802033296],
  [0.2799615842070387, 0.024169498971333168],
  [0.5047145066630012, 0.0053167098487013455]]}

[0.34750050229223445,
 0.3519711730446025,
 0.43051184940898035,
 0.40905580938663594]