Good Prior

{'BO': [[0.35185039983303346, 0.0],
  [0.5237752896550772, 0.0],
  [0.44380675427863364, 0.0]],
 'PIBO': [[0.3902960362524644, 0.0],
  [0.9473684210526316, 0.0],
  [0.49983666598841453, 0.0]],
 'DCBO': [[0.5155656320812332, 0.0],
  [0.7368421052631579, 0.0],
  [0.5222413048721727, 0.0]],
 'DCPIBO': [[0.5176100041480091, 0.0],
  [0.4646582051809466, 0.0],
  [1.0526315789473684, 0.0]]}

[0.4398108145889148,
 0.6125003744311702,
 0.5915496807388546,
 0.6782999294254414]

BO: 8.08
PIBO: 8.43
DCBO: 18.07
DCPIBO: 18.26


Bad Prior

{'BO': [[0.42217211007329275, 0.0],
  [0.4907699290880738, 0.0],
  [0.4691252904750809, 0.0]],
 'PIBO': [[0.4735641175741951, 0.0],
  [0.4359467194775442, 0.0],
  [0.47016308389168365, 0.0]],
 'DCBO': [[0.5153672273023767, 0.0],
  [0.4808811455970826, 0.0],
  [0.9473684210526316, 0.0]],
 'DCPIBO': [[0.5129330515540323, 0.0],
  [0.4838913248291191, 0.0],
  [0.8947368421052632, 0.0]]}


[0.4606891098788158,
0.459891306981141,
0.647872264650697,
0.6305204061628049]

BO: 7.11
PIBO: 7.16
DCBO: 20.6
DCPIBO: 20.6
