Good Prior

{'BO': [[0.4256129074212816, 0.0],
  [0.2868452018546329, 0.0],
  [0.3434350272004545, 0.0]],
 'PIBO': [[0.4820967631527173, 0.0],
  [0.32786647170066835, 0.0],
  [0.34688249853982567, 0.0]],
 'DCBO': [[0.4048365013439229, 0.0],
  [0.26464586404394264, 0.0],
  [0.49850738984387527, 0.0]],
 'DCPIBO': [[0.4015162076834075, 0.0],
  [0.2892045399109466, 0.0],
  [0.6277103331292871, 0.0]]}

[0.35196437882545634,
 0.3856152444644037,
 0.3893299184105803,
 0.43947702690788043]

BO: 4.39
PIBO: 4.33
DCBO: 6.89
DCPIBO: 7.08


Bad Prior

{'BO': [[0.48077223996926793, 0.0],
  [0.3276918845452117, 0.0],
  [0.3660741201315806, 0.0]],
 'PIBO': [[0.42497536257132484, 0.0],
  [0.28722068756001273, 0.0],
  [0.33545907055677504, 0.0]],
 'DCBO': [[0.3924836108832441, 0.0],
  [0.2630977910941716, 0.0],
  [0.5116407891555277, 0.0]],
 'DCPIBO': [[0.38343459957944237, 0.0],
  [0.25708669155813374, 0.0],
  [0.5065837226015532, 0.0]]}

[0.3915127482153535,
 0.3492183735627042,
 0.38907406371098113,
 0.3823683379130431]

BO: 5.17
PIBO: 5.22
DCBO: 6.45
DCPIBO: 6.57
