Good Prior

{'BO': [[0.5059443372530525, 0.0],
  [0.44209603142063725, 0.0],
  [0.4005777369402997, 0.0]],
 'PIBO': [[0.4913789756253547, 0.0],
  [0.509707806565, 0.0],
  [0.5094918652588, 0.0]],
 'DCBO': [[0.5249014477667564, 0.0],
  [0.5123216115055851, 0.0],
  [0.5139387828131098, 0.0]],
 'DCPIBO': [[0.5251912571607784, 0.0],
  [0.6305350736444764, 0.0],
  [0.5780282211404772, 0.0]]}

[0.4495393685379965,
 0.5035262158163848,
 0.5170539473618171,
 0.5779181839819106]

BO: 6.69
PIBO: 6.88
DCBO: 4.44
DCPIBO: 4.36

Bad Prior

{'BO': [[0.5208671544524631, 0.0],
  [0.48456861302434917, 0.0],
  [0.4654508016047244, 0.0]],
 'PIBO': [[0.5117655207983133, 0.0],
  [0.5066478028855343, 0.0],
  [0.47867028472731427, 0.0]],
 'DCBO': [[0.5220946477054436, 0.0],
  [0.7303041218873189, 0.0],
  [0.5066619006139752, 0.0]],
 'DCPIBO': [[0.5247730425682627, 0.0],
  [0.6806680333569541, 0.0],
  [0.519420073002375, 0.0]]}

[0.4902955230271789,
 0.4990278694703873,
 0.5863535567355792,
 0.5749537163091972]

BO: 6.49
PIBO: 6.66
DCBO: 4.21
DCPIBO: 4.18
