Good Prior

{'BO': [[0.5009317852976745, 0.0],
  [0.4151335048544461, 0.0],
  [0.5009876457939128, 0.0]],
 'PIBO': [[0.5116266199080727, 0.0],
  [0.4358860807047684, 0.0],
  [0.4935031737303558, 0.0]],
 'DCBO': [[0.5185493992557332, 0.0],
  [0.26935653926601283, 0.0],
  [0.46778880314846527, 0.0]],
 'DCPIBO': [[0.5222755802713428, 0.0],
  [0.6645585741099379, 0.0],
  [0.5150785065518764, 0.0]]}

[0.47235097864867776,
 0.48033862478106565,
 0.4185649138900704,
 0.5673042203110524]

BO: 6.42
PIBO: 6.7
DCBO: 4.41
DCPIBO: 4.33


Bad Prior

{'BO': [[0.5090648364472247, 0.0],
  [0.476390480857824, 0.0],
  [0.4654175705649133, 0.0]],
 'PIBO': [[0.5090785103150068, 0.0],
  [0.4684297577092905, 0.0],
  [0.4165263084444317, 0.0]],
 'DCBO': [[0.5247430868234364, 0.0],
  [0.6782941891912, 0.0],
  [0.5171902586300691, 0.0]],
 'DCPIBO': [[0.5225359934757583, 0.0],
  [0.6796301562612014, 0.0],
  [0.5204355049854759, 0.0]]}

[0.48362429595665396,
 0.46467819215624306,
 0.5734091782149018,
 0.5742005515741452]

BO: 6.36
PIBO: 6.6
DCBO: 4.75
DCPIBO: 4.22

