Good Prior

{'BO': [[0.8709479342049584, 0.0],
  [0.5015910442320956, 0.0],
  [0.5056922049544417, 0.0]],
 'PIBO': [[0.5779173916424184, 0.0],
  [0.4412681804608131, 0.0],
  [0.9394374991494704, 0.0]],
 'DCBO': [[0.3224010962453908, 0.0],
  [0.39019453357355827, 0.0],
  [0.48615313017635486, 0.0]],
 'DCPIBO': [[0.32380676447799206, 0.0],
  [0.39120362483052945, 0.0],
  [0.6238162311361692, 0.0]]}

[0.6260770611304985,
 0.6528743570842339,
 0.39958291999843465,
 0.4462755401482303]

BO: 4.55
PIBO: 4.05
DCBO: 8.89
DCPIBO: 8.98


Bad Prior

{'BO': [[0.7192082379146475, 0.0],
  [0.46408252624517615, 0.0],
  [0.49614689078985763, 0.0]],
 'PIBO': [[0.6475837531480959, 0.0],
  [0.4662632880880418, 0.0],
  [0.48848655414433373, 0.0]],
 'DCBO': [[0.38271552908740436, 0.0],
  [0.3412405378393841, 0.0],
  [0.4883446853930859, 0.0]],
 'DCPIBO': [[0.3831184359471441, 0.0],
  [0.3406838343377023, 0.0],
  [0.4651263956506382, 0.0]]}

[0.5598125516498937,
 0.5341111984601571,
 0.4041002507732914,
 0.39630955531182815]

BO: 4.71
PIBO: 4.53
DCBO: 8.5
DCPIBO: 8.51 
