Good Prior

{'BO': [[0.45660143238480644, 0.0],
  [0.26828194604283784, 0.0],
  [0.3328436295402686, 0.0]],
 'PIBO': [[0.5686347424989051, 0.0],
  [0.3230426399012843, 0.0],
  [0.36069247760367074, 0.0]],
 'DCBO': [[0.4408877452088892, 0.0],
  [0.2526718189279379, 0.0],
  [0.5067441102972913, 0.0]],
 'DCPIBO': [[0.4654722700346135, 0.0],
  [0.2847711604097882, 0.0],
  [0.631578947368421, 0.0]]}

[0.3525756693226376,
 0.41745662000128664,
 0.4001012248113727,
 0.4606074592709409]

BO: 4.31
PIBO: 4.47
DCBO: 7.68
DCPIBO: 6.72


Bad Prior

{'BO': [[0.42089831565719044, 0.0],
  [0.27916437580301245, 0.0],
  [0.34502705584092597, 0.0]],
 'PIBO': [[0.46667647850601574, 0.0],
  [0.3014230222872439, 0.0],
  [0.27564262764119685, 0.0]],
 'DCBO': [[0.4326723837182042, 0.0],
  [0.27584147078841553, 0.0],
  [0.5106886115143255, 0.0]],
 'DCPIBO': [[0.4252543215671807, 0.0],
  [0.26886217169644383, 0.0],
  [0.505711370143355, 0.0]]}

[0.3483632491003763,
 0.34791404281148547,
 0.40640082200698174,
 0.39994262113565987]

BO: 4.78
PIBO: 4.76
DCBO: 6.66
DCPIBO: 6.47
