Good Prior

{'BO': [[0.4269973810832453, 0.0],
  [0.39267666172071936, 0.0],
  [0.4865762623184062, 0.0]],
 'PIBO': [[0.5488502361513435, 0.0],
  [0.6690817134286746, 0.0],
  [0.49029920706121555, 0.0]],
 'DCBO': [[0.3258217221317135, 0.0],
  [0.26652193178441086, 0.0],
  [0.37702297560299397, 0.0]],
 'DCPIBO': [[0.32395286375461385, 0.0],
  [0.2672575434605525, 0.0],
  [0.4495701079629384, 0.0]]}

[0.43541676837412363,
 0.5694103855470779,
 0.32312220983970613,
 0.3469268383927016]

BO: 3.78
PIBO: 4.08
DCBO: 9.76
DCPIBO: 10.05


Bad Prior

{'BO': [[0.8920166273543682, 0.0],
  [0.3714457762074881, 0.0],
  [0.4608045942279785, 0.0]],
 'PIBO': [[0.8838456842029835, 0.0],
  [0.37143420348624373, 0.0],
  [0.46074252772371915, 0.0]],
 'DCBO': [[1.0228718715946847, 0.0],
  [0.3714457762074881, 0.0],
  [0.4607294610912435, 0.0]],
 'DCPIBO': [[0.9473684210526316, 0.0],
  [0.3713801974537699, 0.0],
  [0.4607441610527786, 0.0]]}

[0.574755665929945,
0.5720074718043154,
0.6183490362978055,
0.5931642598530601]

BO: 4.05
PIBO: 4.42
DCBO: 9.17
DCPIBO: 9.56
