Good Prior

{'BO': [[0.21880840819177455, 0.0], [0.0, 0.0], [1.0526315789473684, 0.0]],
 'PIBO': [[0.21858660025788404, 0.0],
  [0.7253720403258342, 0.0],
  [1.0526315789473684, 0.0]],
 'DCBO': [[0.7328663170071421, 0.0],
  [0.8947368421052632, 0.0],
  [0.5020144872452659, 0.0]],
 'DCPIBO': [[0.6299670937897821, 0.0],
  [0.9473684210526316, 0.0],
  [0.6816422919007799, 0.0]]}

[0.42381332904638097,
 0.6655300731770288,
 0.7098725487858903,
 0.7529926022477312]

BO: 5.1
PIBO: 4.52
DCBO: 6.2
DCPIBO: 6.08


Bad Prior

{'BO': [[0.2554894358745599, 0.0],
  [0.37011929452123093, 0.0],
  [1.0526315789473684, 0.0]],
 'PIBO': [[0.26642406569538163, 0.0],
  [0.39510755428568717, 0.0],
  [1.0526315789473684, 0.0]],
 'DCBO': [[0.577648885909913, 0.0],
  [0.8947368421052632, 0.0],
  [0.4822183094323215, 0.0]],
 'DCPIBO': [[0.5154024846799018, 0.0],
  [0.8947368421052632, 0.0],
  [0.519659610899759, 0.0]]}

[0.5594134364477198,
0.5713877329761458,
0.651534679149166,
0.6432663125616412]

BO: 5.77
PIBO: 5.28
DCBO: 5.36
DCPIBO: 5.2
