Good Prior

{'BO': [[0.42649113145332335, 0.04259129819330276],
  [0.335640137422919, 0.09118928750359429],
  [0.32869605259179197, 0.12336221471896254]],
 'PIBO': [[0.4408856989837784, 0.022235133544189597],
  [0.3435910968483244, 0.08815439945612553],
  [0.3359230415407228, 0.0397397968948818]],
 'DCBO': [[0.3570510644896767, 0.022650106333434627],
  [0.3414524240189873, 0.03016947346049495],
  [0.38147379973249834, 0.023892510459406838]],
 'DCPIBO': [[0.3816970383824103, 0.0275944202671308],
  [0.3485913723424314, 0.05650212817866163],
  [0.39024841301821106, 0.015272352233226254]]}

[0.3636091071560114,
 0.37346661245760854,
 0.35999242941372084,
 0.3735122745810176]

Bad Prior

{'BO': [[0.46687333273954784, 0.045086060600956816],
  [0.4103213550360583, 0.046059647139904306],
  [0.34720384802684595, 0.04699941959674605]],
 'PIBO': [[0.4732840183587408, 0.029360894915281394],
  [0.3961900508750103, 0.019897140160321142],
  [0.35816200681132254, 0.00525955236201194]],
 'DCBO': [[0.39100907192869716, 0.01172570761818431],
  [0.3506436312152707, 0.06280872827267386],
  [0.36742519609043495, 0.029351882128254923]],
 'DCPIBO': [[0.3906886949714756, 0.012793766880191609],
  [0.34874977044925354, 0.06281213962009799],
  [0.36707592522303173, 0.02823153118772537]]}

[0.408132845267484,
 0.4092120253483578,
 0.36969263307813427,
 0.36883813021458695]