Good Prior

{'BO': [[0.4418066615506275, 0.0],
  [0.3547158590069739, 0.0],
  [0.33234015349071905, 0.0]],
 'PIBO': [[0.46825064066427574, 0.0],
  [0.42666512901316217, 0.0],
  [0.3505992694588455, 0.0]],
 'DCBO': [[0.39005535795770785, 0.0],
  [0.33848033784475495, 0.0],
  [0.39248387558194686, 0.0]],
 'DCPIBO': [[0.4393573567646247, 0.0],
  [0.4200013342221545, 0.0],
  [0.4445606642447044, 0.0]]}

[0.37628755801610686,
 0.4151716797120945,
 0.37367319046146985,
 0.4346397850771612]

BO: 5.8
PIBO: 6.21
DCBO: 4.46
DCPIBO: 4.67


Bad Prior

{'BO': [[0.47972841681174333, 0.0],
  [0.4567610555204171, 0.0],
  [0.41491395401481135, 0.0]],
 'PIBO': [[0.5100031373841665, 0.0],
  [0.4556052647588035, 0.0],
  [0.4129112887715219, 0.0]],
 'DCBO': [[0.3664678021383459, 0.0],
  [0.36598064184274015, 0.0],
  [0.3681208912790352, 0.0]],
 'DCPIBO': [[0.36611846315571883, 0.0],
  [0.3599700462001496, 0.0],
  [0.35909287016623587, 0.0]]}

[0.45046780878232395,
 0.45950656363816395,
 0.3668564450867071,
 0.3617271265073681]

BO: 6.77
PIBO: 6.8
DCBO: 4.44
DCPIBO: 4.6
