Good Prior

{'BO': [[0.4590438716589034, 0.01996245993945705],
  [0.28037630450464557, 0.02479830237695185],
  [0.32373269595935317, 0.03176221201333542]],
 'PIBO': [[0.47141830659159273, 0.0325452037968018],
  [0.3002501927230762, 0.031108217006679848],
  [0.34880516112693716, 0.02922650570535284]],
 'DCBO': [[0.4504021992787792, 0.03125071367586743],
  [0.3261547550916603, 0.08476709535138063],
  [0.4872549241284697, 0.0264044784563116]],
 'DCPIBO': [[0.46300608209855254, 0.0304437418995594],
  [0.3520375564409354, 0.0957559629094125],
  [0.4989321624929432, 0.01846693710670265]]}

[0.35438429070763405,
 0.37349122014720204,
 0.42127062616630306,
 0.4379919336774771]

BO: 
PIBO: 
DCBO: 
DCPIBO: 


Bad Prior

{'BO': [[0.427726026372233, 0.04360126578399374],
  [0.2893215635107481, 0.02261456201075215],
  [0.3283921450065511, 0.016469598423137482]],
 'PIBO': [[0.44214268958305436, 0.05401207910583407],
  [0.3140858332625974, 0.022036416409802587],
  [0.3513366557362133, 0.019661824054041033]],
 'DCBO': [[0.433856066590249, 0.04545901632705986],
  [0.34286275056535853, 0.0863631793662905],
  [0.4956037904596814, 0.023536648192131884]],
 'DCPIBO': [[0.42740643734127437, 0.03579823580292183],
  [0.3082755956073174, 0.04526936941191625],
  [0.5045629097350676, 0.023040495210561285]]}

[0.3484799116298441,
 0.36918839286062166,
 0.424107535871763,
 0.4134149808945531]

BO: 
PIBO: 
DCBO: 
DCPIBO: 
