Good Prior

{'BO': [[0.5166307290951563, 0.0],
  [0.4884796434506576, 0.0],
  [0.40837985543653466, 0.0]],
 'PIBO': [[0.5172713241471967, 0.0],
  [0.5039183226703661, 0.0],
  [0.491210584692247, 0.0]],
 'DCBO': [[0.5253954208494847, 0.0],
  [0.6208751280384961, 0.0],
  [0.5135516872768862, 0.0]],
 'DCPIBO': [[0.7363391905261828, 0.0],
  [0.6831489722171973, 0.0],
  [0.5244689372723641, 0.0]]}

[0.4711634093274495,
0.5041334105032699,
0.5532740787216223,
0.647985700005248]

BO: 6.18
PIBO: 6.17
DCBO: 4.46
DCPIBO: 4.26


Bad Prior

{'BO': [[0.5194797328337962, 0.0],
  [0.5029904606149517, 0.0],
  [0.4763007433056598, 0.0]],
 'PIBO': [[0.4824838789007917, 0.0],
  [0.5011118622989712, 0.0],
  [0.48323371325248543, 0.0]],
 'DCBO': [[0.5153486218133884, 0.0],
  [0.6778120592918787, 0.0],
  [0.5142797559039282, 0.0]],
 'DCPIBO': [[0.5239875177956282, 0.0],
  [0.6830579181752949, 0.0],
  [0.5232717387802762, 0.0]]}

[0.49959031225146927,
 0.4889431514840828,
 0.5691468123363984,
 0.5767723915837332]

BO: 6.22
PIBO: 6.56
DCBO: 4.21
DCPIBO: 4.44
