Good Prior

{'BO': [[0.40622559473459985, 0.0],
  [0.5211579585028633, 0.0],
  [0.41179697852660435, 0.0]],
 'PIBO': [[0.4266871310611084, 0.0],
  [0.5789473684210527, 0.0],
  [0.3978212033794434, 0.0]],
 'DCBO': [[0.517135966082324, 0.0],
  [0.4699920229621605, 0.0],
  [0.8947368421052632, 0.0]],
 'DCPIBO': [[0.5148267429349196, 0.0],
  [0.4744173274281478, 0.0],
  [0.9473684210526316, 0.0]]}

[0.4463935105880225,
 0.46781856762053486,
 0.627288277049916,
 0.6455374971385663]

BO: 6.93
PIBO: 7.06
DCBO: 20.32
DCPIBO: 24.22


Bad Prior

{'BO': [[0.4609957565797363, 0.0],
  [0.4554379108049807, 0.0],
  [0.3943652481133853, 0.0]],
 'PIBO': [[0.473763769448503, 0.0],
  [0.30288609148628826, 0.0],
  [0.522932828396988, 0.0]],
 'DCBO': [[0.5169208412203095, 0.0],
  [0.45986172603541314, 0.0],
  [0.8947368421052632, 0.0]],
 'DCPIBO': [[0.5010214512072046, 0.0],
  [0.5113004094235689, 0.0],
  [0.8947368421052632, 0.0]]}

[0.4369329718327008,
 0.43319422977725974,
 0.6238398031203286,
 0.6356862342453455]

BO: 7.07
PIBO: 7.36
DCBO: 20.5
DCPIBO: 20.6
