Good Prior

{'BO': [[0.21766760715595798, 0.0],
  [0.16056714403643782, 0.0],
  [0.25546962243168847, 0.0]],
 'PIBO': [[0.4252500819560799, 0.0],
  [0.2847390942343177, 0.0],
  [0.2467156965531194, 0.0]],
 'DCBO': [[0.21973104428508566, 0.0],
  [0.05593382515846137, 0.0],
  [0.09293089782127405, 0.0]],
 'DCPIBO': [[0.45724101268449324, 0.0],
  [0.3011110583814478, 0.0],
  [0.2503754225799248, 0.0]]}

[0.2112347912080281,
 0.318901624247839,
 0.12286525575494035,
 0.3362424978819553]

BO: 6.44
PIBO: 6.48
DCBO: 4.16
DCPIBO: 3.84


Bad Prior

{'BO': [[0.42629652608668633, 0.0],
  [0.45271203782218783, 0.0],
  [0.33976604227086166, 0.0]],
 'PIBO': [[0.8283692261453963, 0.0],
  [0.3526157345166611, 0.0],
  [0.14217484728083749, 0.0]],
 'DCBO': [[0.20310889843914992, 0.0],
  [0.2961349384323642, 0.0],
  [0.14145235342698356, 0.0]],
 'DCPIBO': [[0.18693733629225737, 0.0],
  [0.3133268854833387, 0.0],
  [0.10627309632992443, 0.0]]}

[0.4062582020599119,
 0.44105326931429834,
 0.2135653967661659,
 0.2021791060351735]

BO: 5.94
PIBO: 5.86
DCBO: 4.01
DCPIBO: 4.02
