Good Prior

{'BO': [[0.28830436692188005, 0.0025708987080823756],
  [0.324359154639476, 0.15493955472804793],
  [1.0526315789473684, 0.0]],
 'PIBO': [[0.2754938743147116, 0.018878349447506295],
  [0.43315231152180683, 0.07954359298959245],
  [1.0526315789473684, 0.0]],
 'DCBO': [[0.5196363926005798, 0.0033041818918741737],
  [0.8947368421052632, 0.0],
  [0.4679024301678452, 0.06468624777629024]],
 'DCPIBO': [[0.6804383441348122, 0.0030544382010014135],
  [0.8915799902196931, 0.004464462750976099],
  [0.5112570532984495, 0.005310938499322425]]}

[0.5550983668362415,
 0.5870925882612956,
 0.6274252216245627,
 0.6944251292176515]

Bad Prior

{'BO': [[0.23764936085011135, 0.03141878187508274],
  [0.4176338714898325, 0.15369944239748343],
  [1.0526315789473684, 0.0]],
 'PIBO': [[0.2574440802449292, 0.025643043079895494],
  [0.3857941613383738, 0.040433985423907234],
  [1.0526315789473684, 0.0]],
 'DCBO': [[0.7324558969025897, 0.004264938885178254],
  [0.8888359952414566, 0.008345057664281955],
  [0.44882423440765695, 0.10018588083770825]],
 'DCPIBO': [[0.6807160150426571, 0.0032525655417337397],
  [0.8946420136766454, 0.00013410764984968967],
  [0.4946565489152522, 0.02324968203770959]]}

[0.5693049370957707,
 0.5652899401768905,
 0.6900387088505678,
 0.6900048592115183]