Good Prior

{'BO': [[0.4976651088833654, 0.0],
  [0.3122986542458719, 0.0],
  [0.3773376286745035, 0.0]],
 'PIBO': [[0.5123193592543374, 0.0],
  [0.33463092076705653, 0.0],
  [0.3458449185663307, 0.0]],
 'DCBO': [[0.4731612944635261, 0.0],
  [0.2489902173733625, 0.0],
  [0.5008323406179563, 0.0]],
 'DCPIBO': [[0.49477760187985476, 0.0],
  [0.2919846442004445, 0.0],
  [0.631578947368421, 0.0]]}

[0.3957671306012469,
0.3975983995292416,
0.407661284151615,
0.4727803978162401]

BO: 4.67
PIBO: 4.91
DCBO: 7.34
DCPIBO: 6.98


Bad Prior

{'BO': [[0.4423383497331989, 0.0],
  [0.30753071151405587, 0.0],
  [0.32943489267642556, 0.0]],
 'PIBO': [[0.4508453696373279, 0.0],
  [0.2933884297997577, 0.0],
  [0.3112927589366665, 0.0]],
 'DCBO': [[0.44546767884131167, 0.0],
  [0.29722989138981515, 0.0],
  [0.5053316957294626, 0.0]],
 'DCPIBO': [[0.4423221903510903, 0.0],
  [0.2962351285836921, 0.0],
  [0.5067820937877063, 0.0]]}

[0.3597679846412268,
 0.351842186124584,
 0.41600975532019646,
 0.41511313757416296]

BO: 5.05
PIBO: 5.07
DCBO: 6.09
DCPIBO: 6.27
