Good Prior

{'BO': [[0.26201735927369474, 0.0],
  [0.42073055365769707, 0.0],
  [1.0526315789473684, 0.0]],
 'PIBO': [[0.28723005226369763, 0.0],
  [0.40037876058623684, 0.0],
  [1.0526315789473684, 0.0]],
 'DCBO': [[0.5135565173876618, 0.0],
  [0.7368421052631579, 0.0],
  [0.48887048161502644, 0.0]],
 'DCPIBO': [[0.8388686713675283, 0.0],
  [0.8947368421052632, 0.0],
  [0.4669942676531907, 0.0]]}

[0.5784598306262534,
 0.5800801305991009,
 0.5797563680886154,
 0.7335332603753274]

BO: 5.06
PIBO: 5.56
DCBO: 4.91
DCPIBO: 5.05


Bad Prior

{'BO': [[0.291409481179297, 0.0],
  [0.38633388598909946, 0.0],
  [1.0526315789473684, 0.0]],
 'PIBO': [[0.29181480432058127, 0.0],
  [0.3190404462230144, 0.0],
  [1.0526315789473684, 0.0]],
 'DCBO': [[0.8411352045806918, 0.0],
  [0.9473684210526316, 0.0],
  [0.5750069781447316, 0.0]],
 'DCPIBO': [[0.8409633678938654, 0.0],
  [0.9473684210526316, 0.0],
  [0.5789473684210527, 0.0]]}

[0.5767916487052549,
 0.5544956098303214,
 0.7878368679260183,
 0.7890930524558498]

BO: 5.58
PIBO: 5.84
DCBO: 5.17
DCPIBO: 5.25
