Good Prior

{'BO': [[0.46734198952172323, 0.0],
  [0.3654160182903268, 0.0],
  [0.4157766547769915, 0.0]],
 'PIBO': [[0.4958554961493692, 0.0],
  [0.3346057025665624, 0.0],
  [0.6842105263157895, 0.0]],
 'DCBO': [[0.5123410816446504, 0.0],
  [0.4435291646037137, 0.0],
  [0.8947368421052632, 0.0]],
 'DCPIBO': [[0.5165853245166643, 0.0],
  [0.43405997898621584, 0.0],
  [0.9473684210526316, 0.0]]}

[0.4161782208630138,
0.5048905750105738,
0.616869029451209,
0.632671241518504]

BO: 5.2
PIBO: 4.76
DCBO: 20.66
DCPIBO: 20.91


Bad Prior

{'BO': [[0.4126091018856209, 0.0],
  [0.48266877597355023, 0.0],
  [0.4666448823824133, 0.0]],
 'PIBO': [[0.3450701996831599, 0.0],
  [0.5115259089047509, 0.0],
  [0.46572366482243, 0.0]],
 'DCBO': [[0.5167115191092707, 0.0],
  [0.48102595919164176, 0.0],
  [0.8947368421052632, 0.0]],
 'DCPIBO': [[0.5164953222131831, 0.0],
  [0.480643379439744, 0.0],
  [0.9473684210526316, 0.0]]}

[0.4539742534138615,
 0.44077325780344695,
 0.6308247734687252,
 0.6481690409018529]

BO: 8.26
PIBO: 7.39
DCBO: 20.12
DCPIBO: 21.55
