Good Prior

{'BO': [[0.32139548215847724, 0.0],
  [0.22807654243305286, 0.0],
  [0.30859083797605535, 0.0]],
 'PIBO': [[0.48661733600583196, 0.0],
  [0.23945670229865298, 0.0],
  [0.2270850605354483, 0.0]],
 'DCBO': [[0.22617090154159983, 0.0],
  [0.04924795239724248, 0.0],
  [0.10539427896195747, 0.0]],
 'DCPIBO': [[0.30586507017289805, 0.0],
  [0.34539680387361954, 0.0],
  [0.2915394805786639, 0.0]]}

[0.28602095418919515,
 0.3177196996133111,
 0.12693771096693326,
 0.3142671182083938]

BO: 6.81
PIBO: 5.51
DCBO: 4.17
DCPIBO: 3.96


Bad Prior

{'BO': [[0.4796232725343144, 0.0],
  [0.45015566890326514, 0.0],
  [0.4704224964988015, 0.0]],
 'PIBO': [[0.4796776993089741, 0.0],
  [0.48810027922727306, 0.0],
  [0.4639409319971408, 0.0]],
 'DCBO': [[0.19726693633076306, 0.0],
  [0.09390925318264658, 0.0],
  [0.09562385006281801, 0.0]],
 'DCPIBO': [[0.21382674334285037, 0.0],
  [0.06413757622382549, 0.0],
  [0.09182231181602761, 0.0]]}

[0.4667338126454603,
 0.47723963684446263,
 0.12893334652540922,
 0.12326221046090118]

BO: 3.99
PIBO: 3.58
DCBO: 5.02
DCPIBO: 4.6
