Good Prior

{'BO': [[0.21061400607466269, 0.0],
  [0.22429753159695454, 0.0],
  [0.07852358452406495, 0.0]],
 'PIBO': [[0.47553837258072756, 0.0],
  [0.3419963554755285, 0.0],
  [0.22941673128631995, 0.0]],
 'DCBO': [[0.32006237098898777, 0.0],
  [0.257440282340729, 0.0],
  [0.12548055207409903, 0.0]],
 'DCPIBO': [[0.4052765691851648, 0.0],
  [0.33180775353855335, 0.0],
  [0.22556163195402743, 0.0]]}

[0.17114504073189407,
 0.34898381978085863,
 0.23432773513460525,
 0.32088198489258185]

BO: 5.85
PIBO: 6.13
DCBO: 3.96
DCPIBO: 3.95


Bad Prior

{'BO': [[0.5112100680088928, 0.0],
  [0.332327453108649, 0.0],
  [0.15393757929658358, 0.0]],
 'PIBO': [[0.3893539201681761, 0.0],
  [0.35810331949845997, 0.0],
  [0.2856126248486366, 0.0]],
 'DCBO': [[0.16479396829934387, 0.0],
  [0.21218626448976166, 0.0],
  [0.16262383564444147, 0.0]],
 'DCPIBO': [[0.19190129780661533, 0.0],
  [0.1516189817859051, 0.0],
  [0.11353415960912153, 0.0]]}

[0.3324917001380418,
 0.3443566215050909,
 0.17986802281118233,
 0.15235147973388063]

BO: 3.73
PIBO: 5.79
DCBO: 4.13
DCPIBO: 4.67
