Good Prior

{'BO': [[0.32879225881228463, 0.0798493086910828],
  [0.2928500984479176, 0.015618653002028596],
  [0.3017213449128821, 0.03577530035794785]],
 'PIBO': [[0.35893219236353496, 0.1611168971217423],
  [0.3768295623069187, 0.14729476892353885],
  [0.3367584870498119, 0.18424153817904113]],
 'DCBO': [[0.2026281016805043, 0.02509370759965958],
  [0.12460626494021443, 0.06925045491514044],
  [0.08409836220068666, 0.018935917732609754]],
 'DCPIBO': [[0.26425281756983326, 0.04680590748062791],
  [0.23573427337557187, 0.08847057274036348],
  [0.1861865947547534, 0.043824744099311315]]}

[0.3077879007243614,
 0.3575067472400885,
 0.13711090960713512,
 0.22872456190005286]