Good Prior

{'BO': [[0.4797987396065115, 0.0],
  [0.2915020987906387, 0.0],
  [0.2907761621646634, 0.0]],
 'PIBO': [[0.5066349313666451, 0.0],
  [0.2941628189367935, 0.0],
  [0.322585501197201, 0.0]],
 'DCBO': [[0.46597405958055554, 0.0],
  [0.266199773732881, 0.0],
  [0.5065191096141098, 0.0]],
 'DCPIBO': [[0.4692811340760966, 0.0],
  [0.376349012642871, 0.0],
  [0.7894736842105263, 0.0]]}

[0.3540256668539379,
 0.3744610838335465,
 0.41289764764251546,
 0.5450346103098314]

BO: 5.17
PIBO: 5.43
DCBO: 6.13
DCPIBO: 5.77


Bad Prior

{'BO': [[0.32033796610416215, 0.0],
  [0.2893129753838834, 0.0],
  [0.32070344792116634, 0.0]],
 'PIBO': [[0.32707203431205895, 0.0],
  [0.30731922011005364, 0.0],
  [0.31933069315256624, 0.0]],
 'DCBO': [[0.31285851534665804, 0.0],
  [0.2848111493251012, 0.0],
  [0.5058775695107345, 0.0]],
 'DCPIBO': [[0.31492424138920294, 0.0],
  [0.2870025545106451, 0.0],
  [0.5078032574611785, 0.0]]}

[0.31011812980307063,
 0.3179073158582263,
 0.3678490780608312,
 0.3699100177870089]

BO: 5.13
PIBO: 5.02
DCBO: 6.5
DCPIBO: 6.25
