Good Prior

{'BO': [[0.48840742148213107, 0.0],
  [0.2576741683512711, 0.0],
  [0.3998066209738632, 0.0]],
 'PIBO': [[0.40162233057529084, 0.0],
  [0.4477692171199773, 0.0],
  [0.4577116730573656, 0.0]],
 'DCBO': [[0.41091275559316043, 0.0],
  [0.18503812477711085, 0.0],
  [0.4235471984382922, 0.0]],
 'DCPIBO': [[0.4482451465475453, 0.0],
  [0.4113056096766431, 0.0],
  [0.4235824762816476, 0.0]]}

[0.38196273693575505,
 0.43570107358421123,
 0.33983269293618784,
 0.4277110775019453]

BO: 4.05
PIBO: 3.86
DCBO: 9.18
DCPIBO: 9.34


Bad Prior

{'BO': [[0.4190306620438651, 0.0],
  [0.4806711506377475, 0.0],
  [0.42496868445271213, 0.0]],
 'PIBO': [[0.4907882941789745, 0.0],
  [0.352669737480828, 0.0],
  [0.3976415392227613, 0.0]],
 'DCBO': [[0.30379836884088907, 0.0],
  [0.42437838540228684, 0.0],
  [0.41467885239478863, 0.0]],
 'DCPIBO': [[0.31470733514826826, 0.0],
  [0.4262025226389442, 0.0],
  [0.4147171729372359, 0.0]]}

[0.4415568323781082,
 0.4136998569608546,
 0.3809518688793215,
 0.38520901024148274]

BO: 4.18
PIBO: 3.68
DCBO: 10.79
DCPIBO: 9.87
