Good Prior

{'BO': [[0.4122503574521874, 0.0],
  [0.4570020260567952, 0.0],
  [0.4880360781327764, 0.0]],
 'PIBO': [[0.4867985669260399, 0.0],
  [0.4855255508273612, 0.0],
  [0.4872331838851149, 0.0]],
 'DCBO': [[0.379340438568402, 0.0],
  [0.41999015384480887, 0.0],
  [0.24662678072373206, 0.0]],
 'DCPIBO': [[0.3993712386285684, 0.0],
  [0.43736572182917743, 0.0],
  [0.4294447374801669, 0.0]]}

[0.4524294872139197,
 0.486519100546172,
 0.3486524577123143,
 0.42206056597930425]

BO: 3.98
PIBO: 3.5
DCBO: 9.97
DCPIBO: 10.01


Bad Prior

{'BO': [[0.4703053461606791, 0.0],
  [0.3604512721830538, 0.0],
  [0.20763554587415237, 0.0]],
 'PIBO': [[0.4766829404085913, 0.0],
  [0.2675131993484123, 0.0],
  [0.293867855997145, 0.0]],
 'DCBO': [[0.3958112248005392, 0.0],
  [0.3605633572282045, 0.0],
  [0.2895645286215149, 0.0]],
 'DCPIBO': [[0.4260489923163517, 0.0],
  [0.27625405374246625, 0.0],
  [0.28967828727570455, 0.0]]}

[0.34613072140596174,
 0.34602133191804957,
 0.3486463702167529,
 0.33066044444484083]

BO: 3.72
PIBO: 3.75
DCBO: 9.69
DCPIBO: 8.64
