Good Prior

{'BO': [[0.46653394191220116, 0.0],
  [0.29260639967696306, 0.0],
  [0.3278472870477976, 0.0]],
 'PIBO': [[0.5057897001845856, 0.0],
  [0.3391818039412805, 0.0],
  [0.3585755534583742, 0.0]],
 'DCBO': [[0.47458933615699794, 0.0],
  [0.2892301984373569, 0.0],
  [0.48910102240758496, 0.0]],
 'DCPIBO': [[0.4786573361637051, 0.0],
  [0.29631402699698617, 0.0],
  [0.5097840280206505, 0.0]]}

[0.3623292095456539,
 0.40118235252808016,
 0.41764018566731326,
 0.4282517970604472]

BO: 5.46
PIBO: 5.52
DCBO: 6.78
DCPIBO: 6.41


Bad Prior

{'BO': [[0.49791227599638427, 0.0],
  [0.2776263872063825, 0.0],
  [0.31773322605903703, 0.0]],
 'PIBO': [[0.4680824936729465, 0.0],
  [0.25627334382487704, 0.0],
  [0.35238567626512923, 0.0]],
 'DCBO': [[0.46834905252732206, 0.0],
  [0.2548189364729623, 0.0],
  [0.5112793715640851, 0.0]],
 'DCPIBO': [[0.4738410403241271, 0.0],
  [0.26542378153369905, 0.0],
  [0.517203178037706, 0.0]]}

[0.36442396308726793,
 0.35891383792098425,
 0.41148245352145646,
 0.41882266663184403]

BO: 4.98
PIBO: 5.2
DCBO: 6.61
DCPIBO: 6.18
