Good Prior
{'BO': [[0.5227261769507331, 0.0],
  [0.44371645747008687, 0.0],
  [0.47270628903083134, 0.0]],
 'PIBO': [[0.5163400967300418, 0.0],
  [0.7013041911570186, 0.0],
  [0.501885267118536, 0.0]],
 'DCBO': [[0.5232109253020455, 0.0],
  [0.619047809718832, 0.0],
  [0.5187401619066414, 0.0]],
 'DCPIBO': [[0.6312444832970625, 0.0],
  [0.6174912393684489, 0.0],
  [0.5139743836195573, 0.0]]}

[0.4797163078172171,
 0.5731765183351988,
 0.5536662989758396,
 0.5875700354283562]

BO: 5.36
PIBO: 6.66
DCBO: 4.69
DCPIBO: 4.45


Bad Prior
{'BO': [[0.5214704697068344, 0.0],
  [0.5017351336221939, 0.0],
  [0.481200696278216, 0.0]],
 'PIBO': [[0.510953322189101, 0.0],
  [0.5070005189590403, 0.0],
  [0.4902526330246782, 0.0]],
 'DCBO': [[0.5224470195769261, 0.0],
  [0.7276774912684457, 0.0],
  [0.513556687959557, 0.0]],
 'DCPIBO': [[0.5224985695926868, 0.0],
  [0.6240624304031739, 0.0],
  [0.513313533867131, 0.0]]}

[0.5014687665357481,
0.5027354913909398,
0.5878937329349763,
0.553291511287664]

BO: 6.27
PIBO: 6.72
DCBO: 4.09
DCPIBO: 4.17
