Good Prior

{'BO': [[0.3902518764998045, 0.0],
  [0.3909526538606985, 0.0],
  [0.3188830154564675, 0.0]],
 'PIBO': [[0.5015097787248443, 0.0],
  [0.497043097197025, 0.0],
  [0.3705006296844231, 0.0]],
 'DCBO': [[0.41406456572290123, 0.0],
  [0.4352946974012382, 0.0],
  [0.3915765934740468, 0.0]],
 'DCPIBO': [[0.4644518542315196, 0.0],
  [0.45702642428688073, 0.0],
  [0.4124380370899983, 0.0]]}

[0.36669584860565685,
 0.45635116853543084,
 0.4136452855327288,
 0.4446387718694662]

BO: 6.33
PIBO: 5.49
DCBO: 4.51
DCPIBO: 4.24


Bad Prior

{'BO': [[0.470507026093197, 0.0],
  [0.43051534376438455, 0.0],
  [0.372966673273042, 0.0]],
 'PIBO': [[0.43162201284075447, 0.0],
  [0.41539582556334526, 0.0],
  [0.3832539086590787, 0.0]],
 'DCBO': [[0.34875297878896205, 0.0],
  [0.4000085404742248, 0.0],
  [0.3840763114730111, 0.0]],
 'DCPIBO': [[0.3497433331837138, 0.0],
  [0.3893207017724713, 0.0],
  [0.38116722804696185, 0.0]]}

[0.42466301437687454,
 0.41009058235439283,
 0.3776126102453993,
 0.373410421001049]

BO: 6.52
PIBO: 6.81
DCBO: 4.11
DCPIBO: 4.3
