Good Prior

{'BO': [[0.4568055909825598, 0.0],
  [0.38213146184538066, 0.0],
  [0.33668287243223405, 0.0]],
 'PIBO': [[0.4396941152298957, 0.0],
  [0.4751400003155992, 0.0],
  [0.4164909816457224, 0.0]],
 'DCBO': [[0.5071072975018606, 0.0],
  [0.4720855779359178, 0.0],
  [0.8947368421052632, 0.0]],
 'DCPIBO': [[0.5168511711447151, 0.0],
  [0.46313666075309584, 0.0],
  [0.9473684210526316, 0.0]]}

[0.39187330842005813,
 0.44377503239707244,
 0.6246432391810138,
 0.6424520843168142]

BO: 6.8
PIBO: 5.97
DCBO: 21.97
DCPIBO: 21.82


Bad Prior

{'BO': [[0.4045623851624346, 0.0],
  [0.48238653207143717, 0.0],
  [0.3355966130067368, 0.0]],
 'PIBO': [[0.46380324955624985, 0.0],
  [0.4396722408582917, 0.0],
  [0.3123461629588492, 0.0]],
 'DCBO': [[0.5167969213156828, 0.0],
  [0.4511391794653682, 0.0],
  [0.8947368421052632, 0.0]],
 'DCPIBO': [[0.5105948316152966, 0.0],
  [0.8421052631578948, 0.0],
  [0.517387783503567, 0.0]]}

[0.4075151767468695,
 0.40527388445779694,
 0.6208909809621047,
 0.6233626260922528]

BO: 8.12
PIBO: 8.54
DCBO: 20.78
DCPIBO: 21.7
