Good Prior

{'BO': [[0.2858961393036881, 0.0],
  [0.18446053310568586, 0.0],
  [1.0526315789473684, 0.0]],
 'PIBO': [[0.2878361452322443, 0.0],
  [0.36133927516939646, 0.0],
  [1.0526315789473684, 0.0]],
 'DCBO': [[0.6835905647172675, 0.0],
  [0.8947368421052632, 0.0],
  [0.4647714762944641, 0.0]],
 'DCPIBO': [[0.8403400618555638, 0.0],
  [0.8947368421052632, 0.0],
  [0.4507949493526674, 0.0]]}

[0.5076627504522474,
0.567268999783003,
0.6810329610389982,
0.7286239511044981]

BO: 5.28
PIBO: 4.6
DCBO: 5.5
DCPIBO: 5.3


Bad Prior

{'BO': [[0.29872107165754325, 0.0],
  [0.31525490278892954, 0.0],
  [1.0526315789473684, 0.0]],
 'PIBO': [[0.2969051060714996, 0.0],
  [0.31801631130962965, 0.0],
  [1.0526315789473684, 0.0]],
 'DCBO': [[0.8397037438720161, 0.0],
  [0.8947368421052632, 0.0],
  [0.4752324950478794, 0.0]],
 'DCPIBO': [[0.8380613739572136, 0.0],
  [0.8947368421052632, 0.0],
  [0.5141018373418229, 0.0]]}

[0.5555358511312803,
 0.5558509987761658,
 0.7365576936750529,
 0.7489666844680999]

BO: 4.58
PIBO: 4.44
DCBO: 4.64
DCPIBO: 5.4
