Good Prior

{'BO': [[0.32107677587962563, 0.0],
  [0.15650039129383064, 0.0],
  [0.22782619689765463, 0.0]],
 'PIBO': [[0.5239696300548095, 0.0],
  [0.44102188738524445, 0.0],
  [0.42458128740908735, 0.0]],
 'DCBO': [[0.3616383839634409, 0.0],
  [0.16867962728901267, 0.0],
  [0.08244247873730881, 0.0]],
 'DCPIBO': [[0.16473532842696242, 0.0],
  [0.26184194397835897, 0.0],
  [0.18725400946765136, 0.0]]}

[0.2351344546903703,
 0.4631909349497137,
 0.20425349666325412,
 0.2046104272909909]

BO: 5.99
PIBO: 6.62
DCBO: 4.23
DCPIBO: 4.04


Bad Prior

{'BO': [[0.2199596699718778, 0.0],
  [0.14258388512292375, 0.0],
  [0.11773286803017481, 0.0]],
 'PIBO': [[0.2500045382426053, 0.0],
  [0.15614371396583004, 0.0],
  [0.06774480216689681, 0.0]],
 'DCBO': [[0.22796206655207518, 0.0],
  [0.163809627225016, 0.0],
  [0.0897329068168937, 0.0]],
 'DCPIBO': [[0.20556065199520693, 0.0],
  [0.1345582530052945, 0.0],
  [0.10536623374293691, 0.0]]}

[0.16009214104165878,
 0.15796435145844406,
 0.16050153353132832,
 0.1484950462478128]

BO: 6
PIBO: 6.17
DCBO: 3.77
DCPIBO: 4.05
