Good Prior

{'BO': [[0.24336594407257417, 0.0],
  [0.2003441608836435, 0.0],
  [1.0526315789473684, 0.0]],
 'PIBO': [[0.2460246195640736, 0.0],
  [0.4129654686167958, 0.0],
  [1.0526315789473684, 0.0]],
 'DCBO': [[0.5749549496915255, 0.0],
  [0.8421052631578948, 0.0],
  [0.5173927243879689, 0.0]],
 'DCPIBO': [[0.8351751674982308, 0.0],
  [0.8947368421052632, 0.0],
  [0.5021208364858182, 0.0]]}

[0.4987805613011953,
 0.5705405557094125,
 0.6448176457457965,
 0.7440109486964374]

BO: 5.03
PIBO: 4.34
DCBO: 5.9
DCPIBO: 6.07


Bad Prior

{'BO': [[0.2213107481574772, 0.0],
  [0.4359922894181878, 0.0],
  [1.0526315789473684, 0.0]],
 'PIBO': [[0.23069470102516557, 0.0],
  [0.3977174267862455, 0.0],
  [1.0526315789473684, 0.0]],
 'DCBO': [[0.8379287915620935, 0.0],
  [0.9473684210526316, 0.0],
  [0.48095738567607094, 0.0]],
 'DCPIBO': [[0.8389362448316006, 0.0],
  [0.8947368421052632, 0.0],
  [0.5056252259190287, 0.0]]}

[0.5699782055076777,
 0.5603479022529264,
 0.7554181994302654,
 0.7464327709519641]

BO: 6.12
PIBO: 6.56
DCBO: 4.81
DCPIBO: 4.98
