Good Prior

{'BO': [[0.4812549767850019, 0.0],
  [0.5072116844802541, 0.0],
  [0.35726580526269835, 0.0]],
 'PIBO': [[0.3958848558217143, 0.0],
  [0.6842105263157895, 0.0],
  [0.44574196050572984, 0.0]],
 'DCBO': [[0.5164662560270853, 0.0],
  [0.7368421052631579, 0.0],
  [0.5207940867878735, 0.0]],
 'DCPIBO': [[0.5133745077600036, 0.0],
  [0.4871142117597838, 0.0],
  [0.8947368421052632, 0.0]]}

[0.4485774888426515,
 0.5086124475477446,
 0.5913674826927056,
 0.6317418538750168]

BO: 7.55
PIBO: 7.48
DCBO: 21.66
DCPIBO: 24.27


Bad Prior

{'BO': [[0.4934093548349025, 0.0],
  [0.47009660046809565, 0.0],
  [0.5125776035059766, 0.0]],
 'PIBO': [[0.439631493487023, 0.0],
  [0.5789473684210527, 0.0],
  [0.49851031292054354, 0.0]],
 'DCBO': [[0.5145984024729139, 0.0],
  [0.7368421052631579, 0.0],
  [0.5229133904336152, 0.0]],
 'DCPIBO': [[0.5134526528609619, 0.0],
  [0.7368421052631579, 0.0],
  [0.5212181849809903, 0.0]]}

[0.4920278529363249,
0.5056963916095397,
0.5914512993898956,
0.59050431436837]

BO: 6.72
PIBO: 7.4
DCBO: 22.16
DCPIBO: 21.7
