Good Prior

{'BO': [[0.4093922574650109, 0.0],
  [0.2421689325629403, 0.0],
  [0.3041249900840041, 0.0]],
 'PIBO': [[0.40031556801258106, 0.0],
  [0.2944485570167795, 0.0],
  [0.3324585318501351, 0.0]],
 'DCBO': [[0.38232161685458854, 0.0],
  [0.25970312149164415, 0.0],
  [0.5057669500538545, 0.0]],
 'DCPIBO': [[0.47779665950310557, 0.0],
  [0.33096155933290317, 0.0],
  [0.7368421052631579, 0.0]]}

[0.31856206003731846,
 0.3424075522931653,
 0.3825972294666958,
 0.5152001080330555]

BO: 5.46
PIBO: 5.55
DCBO: 6.13
DCPIBO: 5.95


Bad Prior

{'BO': [[0.39443152388609193, 0.0],
  [0.3065930781205707, 0.0],
  [0.3234211968588742, 0.0]],
 'PIBO': [[0.4180412861873754, 0.0],
  [0.30397090976923263, 0.0],
  [0.3115968942481202, 0.0]],
 'DCBO': [[0.41679967045549915, 0.0],
  [0.3111827209861066, 0.0],
  [0.6285683367210151, 0.0]],
 'DCPIBO': [[0.41450064208162574, 0.0],
  [0.3105562844284964, 0.0],
  [0.6281493301364734, 0.0]]}

[0.341481932955179,
 0.3445363634015761,
 0.45218357605420695,
 0.4510687522155319]

BO: 5.11
PIBO: 5.09
DCBO: 6.32
DCPIBO: 6.33
