Good Prior

{'BO': [[0.4894107273969975, 0.0],
  [0.8169230354608624, 0.0],
  [0.8928978589014333, 0.0]],
 'PIBO': [[0.8307476636996088, 0.0],
  [0.8831284333052216, 0.0],
  [0.8692604676932819, 0.0]],
 'DCBO': [[0.14773125528274272, 0.0],
  [0.7461064831582761, 0.0],
  [0.6214083010211379, 0.0]],
 'DCPIBO': [[0.20110658096928122, 0.0],
  [0.8696302071042673, 0.0],
  [0.6170064056603468, 0.0]]}

[0.7330772072530977,
 0.8610455215660374,
 0.5050820131540522,
 0.5625810645779651]

BO: 3.55
PIBO: 3.66
DCBO: 11
DCPIBO: 10.43


Bad Prior

{'BO': [[0.4253411658215192, 0.0],
  [0.4175246639489597, 0.0],
  [0.44766629241802813, 0.0]],
 'PIBO': [[0.42620354775740416, 0.0],
  [0.43557670450240205, 0.0],
  [0.4357826830502861, 0.0]],
 'DCBO': [[1.0491668637731044, 0.0],
  [1.0478245715065089, 0.0],
  [0.9354066985645934, 0.0]],
 'DCPIBO': [[1.0491437524654812, 0.0],
  [1.0481519087092912, 0.0],
  [1.049335205270865, 0.0]]}

[0.4301773740628357,
 0.4325209784366974,
 1.0107993779480688,
 1.0488769554818793]

BO: 4.15
PIBO: 3.97
DCBO: 9.44
DCPIBO: 10.01
