Good Prior

{'BO': [[0.4068979036418659, 0.0],
  [0.365687920595071, 0.0],
  [0.12757195627128398, 0.0]],
 'PIBO': [[0.502498898875292, 0.0],
  [0.49820010271219856, 0.0],
  [0.3586466143725198, 0.0]],
 'DCBO': [[0.37353852796553516, 0.0],
  [0.3476155170667207, 0.0],
  [0.1767659363751834, 0.0]],
 'DCPIBO': [[0.41135488975569595, 0.0],
  [0.3735395864030374, 0.0],
  [0.2327275200868395, 0.0]]}

[0.3000525935027403,
 0.45311520532000343,
 0.2993066604691464,
 0.3392073320818576]

BO: 6.44
PIBO: 6.75
DCBO: 4.5
DCPIBO: 4.69


Bad Prior

{'BO': [[0.3857510776875446, 0.0],
  [0.4278260228266907, 0.0],
  [0.367073421528168, 0.0]],
 'PIBO': [[0.43760022633938467, 0.0],
  [0.42913543369763935, 0.0],
  [0.3044192486520667, 0.0]],
 'DCBO': [[0.3194535686739142, 0.0],
  [0.37485556092214395, 0.0],
  [0.31298232411844384, 0.0]],
 'DCPIBO': [[0.32056680127307463, 0.0],
  [0.37723526374889227, 0.0],
  [0.31647390955151894, 0.0]]}

[0.39355017401413445,
 0.3903849695630302,
 0.33576381790483395,
 0.3380919915244953]

BO: 6.43
PIBO: 6.97
DCBO: 4.66
DCPIBO: 4.48
