Good Prior

{'BO': [[0.43781166374376834, 0.0],
  [0.28639965574298115, 0.0],
  [0.2895473293210732, 0.0]],
 'PIBO': [[0.4708038740870867, 0.0],
  [0.3084891676645563, 0.0],
  [0.33965479120464637, 0.0]],
 'DCBO': [[0.4648120139404348, 0.0],
  [0.2978756601575088, 0.0],
  [0.5028175545322814, 0.0]],
 'DCPIBO': [[0.46957783927948216, 0.0],
  [0.4543107563588872, 0.0],
  [0.4417355200641686, 0.0]]}

[0.33791954960260756,
 0.3729826109854298,
 0.42183507621007504,
 0.45520803856751263]

BO: 4.64
PIBO: 4.83
DCBO: 6.7
DCPIBO: 6.1


Bad Prior

{'BO': [[0.47265169322932815, 0.0],
  [0.2917105102063571, 0.0],
  [0.3330008213173505, 0.0]],
 'PIBO': [[0.5098987779827203, 0.0],
  [0.31103472500023505, 0.0],
  [0.33704353925067077, 0.0]],
 'DCBO': [[0.471721309680665, 0.0],
  [0.2907818579743295, 0.0],
  [0.5039129156642892, 0.0]],
 'DCPIBO': [[0.4730485961237465, 0.0],
  [0.2820352984314101, 0.0],
  [0.5053004627855179, 0.0]]}

[0.36578767491767855,
 0.38599234741120875,
 0.4221386944397612,
 0.4201281191135582]

BO: 5.28
PIBO: 5.3
DCBO: 6.14
DCPIBO: 6.3
