Good Prior

{'BO': [[0.41079924862844197, 0.0],
  [0.2529598930433081, 0.0],
  [0.3044765871445975, 0.0]],
 'PIBO': [[0.4561554393698957, 0.0],
  [0.29904674899709055, 0.0],
  [0.35756909656600155, 0.0]],
 'DCBO': [[0.38801860844446445, 0.0],
  [0.2534901420052135, 0.0],
  [0.5035857819300658, 0.0]],
 'DCPIBO': [[0.41302921093468237, 0.0],
  [0.3971385779073223, 0.0],
  [0.7859385153265193, 0.0]]}

[0.32274524293878254,
 0.3709237616443293,
 0.3816981774599146,
 0.5320354347228413]

BO: 4.27
PIBO: 4.43
DCBO: 6.77
DCPIBO: 6.58


Bad Prior

{'BO': [[0.46600050584413794, 0.0],
  [0.2814996188560424, 0.0],
  [0.3290477905343018, 0.0]],
 'PIBO': [[0.45271833945737894, 0.0],
  [0.27594035836518427, 0.0],
  [0.335789625367386, 0.0]],
 'DCBO': [[0.45570634824010303, 0.0],
  [0.2567869930272874, 0.0],
  [0.5094980806517394, 0.0]],
 'DCPIBO': [[0.452709044282161, 0.0],
  [0.25389900787797864, 0.0],
  [0.5084816531819738, 0.0]]}

[0.3588493050781607,
 0.354816107729983,
 0.4073304739730433,
 0.40502990178070447]

BO: 5.21
PIBO: 4.86
DCBO: 6.77
DCPIBO: 6.46
