Good Prior

{'BO': [[0.5213869010243214, 0.002964677260035699],
  [0.4573132315866995, 0.05067891366440272],
  [0.4600561423278313, 0.04017089352823629]],
 'PIBO': [[0.513765197532873, 0.00893939051329234],
  [0.5061060362162756, 0.015183260684575534],
  [0.49389780080060147, 0.026711912778053667]],
 'DCBO': [[0.5209832668385431, 0.003750736857089934],
  [0.4916288459938091, 0.04089750047175768],
  [0.44432637974407535, 0.10432036173966949]],
 'DCPIBO': [[0.5218262847584184, 0.002938988450987386],
  [0.49704123858980065, 0.029655742075297406],
  [0.4983026406194105, 0.02471745083408222]]}

[0.4795854249796174,
 0.5045896781832501,
 0.4856461641921425,
 0.5057233879892099]

Bad Prior

{'BO': [[0.5189600979232619, 0.006859624335656684],
  [0.5103283759564518, 0.016636909638160995],
  [0.4953722351460046, 0.028218582561627042]],
 'PIBO': [[0.5213303020019388, 0.0026051585148220125],
  [0.48863803076784756, 0.026079595830676178],
  [0.4738054378442893, 0.02542807947395365]],
 'DCBO': [[0.5248899104442035, 0.0007473949432384818],
  [0.629540642394154, 0.0007621444362230999],
  [0.5205658521644354, 0.0025353123188609624]],
 'DCPIBO': [[0.5248728828285539, 0.0006200287816746621],
  [0.6292421998824228, 0.0010227066373085132],
  [0.5206202178413556, 0.0015248371113527146]]}

[0.508220236341906,
0.4945912568713586,
0.5583321350009309,
0.5582451001841108]